image: ./diem_map.pgm
resolution: 0.050000
origin: [-32.507755, -27.073547, 0.000000]
negate: 0
occupied_thresh: 0.65
free_thresh: 0.196

